version https://git-lfs.github.com/spec/v1
oid sha256:b30e510ef6a877fa90f7f596bb8a98d17fe9f040a7a58a6e2334426776b15793
size 407
